149698.22	89639	101658
702115.9	89639	101658
1663.218	89639	101658
242605.18	89639	101658
134536.40	89639	101658
379.417	89639	101658
1883.1827	89639	101658
1663.219	89639	101658
1883.1829	89639	101658
1663.222	89639	101658
1663.224	89639	101658
134536.29	89639	101658
242605.35	89639	101658
134536.30	89639	101658
134536.32	89639	101658
1663.207	89639	101658
242605.31	89639	101658
242605.37	89639	101658
242606.13	89639	101658
216778.58	89639	101658
242606.10	89639	101658
242605.23	89639	101658
134536.18	89639	101658
242606.31	89639	101658
242606.34	89639	101658
1663.209	89639	101658
1663.201	89639	101658
242606.35	89639	101658
242606.37	89639	101658
1663.203	89639	101658
134536.36	89639	101658
32008.565	89639	101658
149698.20	89639	101658
242605.12	89639	101658
231455.6	89639	101658
242605.41	89639	101658
242605.27	89639	101658
134536.8	89639	101658
134536.22	89639	101658
34073.52	89639	101658
242605.29	89639	101658
1663.205	89639	101658
1822464.27	89639	101658
32008.566	89639	101658
134536.26	89639	101658
242606.24	89639	101658
32008.567	89639	101658
32008.568	89639	101658
286.2315	89639	101658
32008.569	89639	101658
242606.43	89639	101658
32008.570	89639	101658
82633.15	89639	101658
242605.51	89639	101658
1663.241	89639	101658
1663.242	89639	101658
169427.8	89639	101658
134536.50	89639	101658
32008.577	89639	101658
702115.10	89639	101658
379.413	89639	101658
242605.52	89639	101658
1357915.4	89639	101658
110932.17	89639	101658
321662.16	89639	101658
34073.56	89639	101658
34073.58	89639	101658
242606.44	89639	101658
158500.12	89639	101658
34072.39	89639	101658
242606.45	89639	101658
242605.45	89639	101658
134536.43	89639	101658
242605.46	89639	101658
134536.44	89639	101658
216778.63	89639	101658
242605.48	89639	101658
286.2260	89639	101658
242605.54	89639	101658
237.95	89639	101658
40323.177	89639	101658
34072.41	89639	101658
134536.42	89639	101658
134536.45	89639	101658
151783.37	89639	101658
216778.66	89639	101658
216778.67	89639	101658
242605.49	89639	101658
32008.571	89639	101658
134536.46	89639	101658
261302.3	89639	101658
1663.233	89639	101658
104336.19	89639	101658
286.2262	89639	101658
1663.250	89639	101658
104336.20	89639	101658
1663.235	89639	101658
1822464.29	89639	101658
286.2272	89639	101658
149698.23	89639	101658
60548.8	89639	101658
169427.7	89639	101658
1663.238	89639	101658
1663.239	89639	101658
272620.9	89638	101656
511145.182	89638	101656
99287.12	89638	101656
90371.3209	89638	101656
149539.1451	89638	101656
224308.43	89638	101656
345073.21	89638	101656
243277.254	89638	101656
62977.6	89638	101656
93062.19	89638	101656
316407.9	89638	101656
83333.108	89638	101656
266834.11	89638	101656
267608.8	89638	101656
208964.12	89638	101656
272626.9	89638	101656
169963.11	89638	101656
269482.11	89638	101656
1813946.3	89638	101656
192.7	89638	101656
398527.4	89638	101656
565050.3	89638	101656
68895.5	89638	101656
398580.10	89638	101656
1380365.3	89638	101656
926556.3	89638	101656
679895.18	89638	101656
757424.7	89638	101656
1934254.3	89638	101656
225937.3	89638	101656
1986952.3	89638	101656
294.204	89638	101656
294.161	89638	101656
294.203	89638	101656
294.160	89638	101656
294.165	89638	101656
321846.3	89638	101656
644801.3	89638	101656
326297.10	89638	101656
323850.11	89638	101656
211586.12	89638	101656
94122.6	89638	101656
1219046.3	89638	101656
573.1355	89638	101656
1262462.5	89638	101656
630.95	89638	101656
630.111	89638	101656
630.132	89638	101656
393305.7	89638	101656
1262466.3	89638	101656
630.64	89638	101656
1262465.3	89638	101656
630.44	89638	101656
1262463.3	89638	101656
1262464.3	89638	101656
630.104	89638	101656
2508718.3	89638	101656
226186.12	89638	101656
562.13577	89638	101656
1333534.3	89638	101656
303.176	89638	101656
470.9146	89638	101656
470.9249	89638	101656
554.21	89638	101656
615.104	89638	101656
964.11	89638	101656
1303.43	89638	101656
29447.22	89638	101656
37919.10	89638	101656
47920.27	89638	101656
52133.18	89638	101656
52133.20	89638	101656
52133.21	89638	101656
56453.3	89638	101656
56458.17	89638	101656
56464.3	89638	101656
78229.3	89638	101656
80842.11	89638	101656
80878.16	89638	101656
80881.4	89638	101656
86669.4	89638	101656
106654.22	89638	101656
109214.3	89638	101656
180195.5	89638	101656
180957.35	89638	101656
187868.3	89638	101656
190485.4	89638	101656
191292.16	89638	101656
192222.6	89638	101656
195709.15	89638	101656
202950.11	89638	101656
243365.4	89638	101656
262316.17	89638	101656
293387.10	89638	101656
379731.5	89638	101656
407148.6	89638	101656
453603.4	89638	101656
456327.28	89638	101656
487316.5	89638	101656
520708.3	89638	101656
520709.3	89638	101656
536229.4	89638	101656
586733.6	89638	101656
864073.3	89638	101656
925775.5	89638	101656
925777.8	89638	101656
981324.3	89638	101656
999386.3	89638	101656
1120926.3	89638	101656
1148157.7	89638	101656
1148509.10	89638	101656
1148509.5	89638	101656
1148509.9	89638	101656
1161913.3	89638	101656
1178537.3	89638	101656
1178541.5	89638	101656
1178544.5	89638	101656
1217628.3	89638	101656
1217635.3	89638	101656
1217643.3	89638	101656
1217653.3	89638	101656
1217655.3	89638	101656
1217658.3	89638	101656
1217667.3	89638	101656
1217672.3	89638	101656
1217677.3	89638	101656
1217692.3	89638	101656
1217693.3	89638	101656
1217715.3	89638	101656
1219375.3	89638	101656
1235558.4	89638	101656
1262470.4	89638	101656
1311573.5	89638	101656
1321368.6	89638	101656
1321939.6	89638	101656
1341679.5	89638	101656
1365657.3	89638	101656
1365659.3	89638	101656
1365661.3	89638	101656
1367443.3	89638	101656
1412896.3	89638	101656
1412897.3	89638	101656
1440765.4	89638	101656
1440766.4	89638	101656
1843580.5	89638	101656
1843581.5	89638	101656
2054929.3	89638	101656
2204146.3	89638	101656
2204148.3	89638	101656
2204150.3	89638	101656
2654975.3	89638	101656
343013.6	89638	101656
1120925.4	89638	101656
1120928.3	89638	101656
1120929.6	89638	101656
1321940.5	89638	101656
1191460.12	89638	101656
1197884.5	89638	101656
1261556.5	89638	101656
1341683.3	89638	101656
1346614.3	89638	101656
210.1972	89638	101656
211589.4	89638	101656
416269.6	89638	101656
53413.25	89638	101656
56449.4	89638	101656
56459.70	89638	101656
575584.19	89638	101656
64187.548	89638	101656
85963.7	89638	101656
379.418	89639	101658
1763.1022	89639	101658
242606.11	89639	101658
242606.39	89639	101658
242605.44	89639	101658
85413.36	89639	101658
1663.246	89639	101658
242605.57	89639	101658
1663.251	89639	101658
1663.245	89639	101658
2590785.5	89639	101658
1707.13	89639	101658
1663.247	89639	101658
1663.226	89639	101658
237.93	89639	101658
28100.10	89639	101658
110932.15	89639	101658
348824.35	89639	101658
104336.16	89639	101658
33882.143	89639	101658
104336.17	89639	101658
379.411	89639	101658
2306165.4	89639	101658
1663.248	89639	101658
242606.46	89639	101658
34072.40	89639	101658
1663.228	89639	101658
1663.225	89639	101658
1663.229	89639	101658
242606.48	89639	101658
1663.230	89639	101658
1120925.3	89638	101656
1341683.5	89638	101656
210.1978	89638	101656
1349766.3	89638	101656
754259.3	89638	101656
316581.4	89638	101656
56449.3	89638	101656
56459.22	89638	101656
575584.33	89638	101656
1313303.3	89638	101656
202955.4	89638	101656
754260.3	89638	101656
754262.3	89638	101656
391619.3	89638	101656
562.8507	89638	101656
402882.13	89638	101656
325240.15	89638	101656
407976.7	89638	101656
693973.6	89638	101656