['r1_ecoli_mRuby-r1_pf-5_ecoli' 1.7916666666666667 0.0683619901537895
 12933.0 7902.0]
['r1_ecoli_mRuby-r1_pf-5_ecoli' 597.9253333333332 0.0709934279322624
 12433.0 7538.0]
['r1_ecoli_mRuby-r1_pf-5_ecoli' 1189.8033333333333 0.0682544097304344
 12652.0 7562.0]
['r1_ecoli_mRuby-r1_pf-5_ecoli' 1782.289 0.0682910531759262 12484.0 7395.0]
['r1_ecoli_mRuby-r1_pf-5_ecoli' 2374.768 0.0672902166843414 12506.0 7423.0]
['r1_ecoli_mRuby-r1_pf-5_ecoli' 2967.2883333333334 0.0707285404205322
 12301.0 7340.0]
['r1_ecoli_mRuby-r1_pf-5_ecoli' 3559.6223333333332 0.0706289768218994
 12445.0 7421.0]
['r1_ecoli_mRuby-r1_pf-5_ecoli' 4152.050333333334 0.0717642694711685
 12380.0 7456.0]
['r1_ecoli_mRuby-r1_pf-5_ecoli' 4744.461333333334 0.0733926475048065
 12001.0 7453.0]
['r1_ecoli_mRuby-r1_pf-5_ecoli' 5336.899 0.0714646488428116 12447.0 7277.0]
['r1_ecoli_mRuby-r1_pf-5_ecoli' 5929.363333333334 0.0718958988785744
 12061.0 7606.0]
['r1_ecoli_mRuby-r1_pf-5_ecoli' 6521.800666666667 0.0753190562129021
 12053.0 7437.0]
['r1_ecoli_mRuby-r1_pf-5_ecoli' 7114.288666666667 0.0797650501132011
 11809.0 7359.0]
['r1_ecoli_mRuby-r1_pf-5_ecoli' 7706.735000000001 0.0757016733288765
 11945.0 7402.0]
['r1_ecoli_mRuby-r1_pf-5_ecoli' 8299.223 0.0756134793162346 11881.0 7418.0]
['r1_ecoli_mRuby-r1_pf-5_ecoli' 8891.72 0.0782290637493133 11890.0 7428.0]
['r1_ecoli_mRuby-r1_pf-5_ecoli' 9484.211333333333 0.0793812021613121
 11921.0 7453.0]
['r1_ecoli_mRuby-r1_pf-5_ecoli' 10076.654999999999 0.0801863715052605
 12015.0 7462.0]
['r1_ecoli_mRuby-r1_pf-5_ecoli' 10669.128 0.082174614071846 11857.0 7583.0]
['r1_ecoli_mRuby-r1_pf-5_ecoli' 11261.595333333333 0.0837163373827934
 11752.0 7500.0]
['r1_ecoli_mRuby-r1_pf-5_ecoli' 11854.041666666666 0.0845716819167137
 11887.0 7497.0]
['r1_ecoli_mRuby-r1_pf-5_ecoli' 12446.497333333333 0.0860246405005455
 11868.0 7608.0]
['r1_ecoli_mRuby-r1_pf-5_ecoli' 13038.943666666666 0.0861089050769806
 11827.0 7789.0]
['r1_ecoli_mRuby-r1_pf-5_ecoli' 13631.440666666667 0.0887261584401131
 11710.0 7705.0]
['r1_ecoli_mRuby-r1_pf-5_ecoli' 14223.878000000002 0.0903564900159836
 11676.0 7707.0]
['r1_ecoli_mRuby-r1_pf-5_ecoli' 14816.341999999999 0.0926982343196869
 11842.0 7662.0]
['r1_ecoli_mRuby-r1_pf-5_ecoli' 15408.795 0.0928815618157387 11899.0
 7789.0]
['r1_ecoli_mRuby-r1_pf-5_ecoli' 16001.199333333332 0.0973093971610069
 11630.0 7903.0]
['r1_ecoli_mRuby-r1_pf-5_ecoli' 16593.68733333333 0.0970810651779175
 11798.0 7889.0]
['r1_ecoli_mRuby-r1_pf-5_ecoli' 17186.175666666666 0.098140849173069
 11707.0 8089.0]
['r1_ecoli_mRuby-r1_pf-5_ecoli' 17778.643 0.101563781499863 11660.0 8199.0]
['r1_ecoli_mRuby-r1_pf-5_ecoli' 18371.130666666668 0.103274102509022
 11806.0 8474.0]
['r1_ecoli_mRuby-r1_pf-5_ecoli' 18963.610333333334 0.10545309484005
 11729.0 8531.0]
['r1_ecoli_mRuby-r1_pf-5_ecoli' 19556.11 0.109265884757042 11703.0 8742.0]
['r1_ecoli_mRuby-r1_pf-5_ecoli' 20148.61333333333 0.111159160733223
 12736.0 8917.0]
['r1_ecoli_mRuby-r1_pf-5_ecoli' 20741.041666666668 0.116210108995438
 11749.0 9060.0]
['r1_ecoli_mRuby-r1_pf-5_ecoli' 21333.544666666665 0.116703318059444
 12423.0 10806.0]
['r1_ecoli_mRuby-r1_pf-5_ecoli' 21925.982333333333 0.120671202242374
 11907.0 9854.0]
['r1_ecoli_mRuby-r1_pf-5_ecoli' 22518.46133333333 0.125192907452583
 12169.0 9925.0]
['r1_ecoli_mRuby-r1_pf-5_ecoli' 23110.955666666665 0.132882952690125
 12242.0 12114.0]
['r1_ecoli_mRuby-r1_pf-5_ecoli' 23703.380999999998 0.141353467106819
 12298.0 10736.0]
['r1_ecoli_mRuby-r1_pf-5_ecoli' 24295.868666666665 0.13923172056675
 12378.0 14005.0]
['r1_ecoli_mRuby-r1_pf-5_ecoli' 24888.339333333333 0.14316531419754
 12251.0 11441.0]
['r1_ecoli_mRuby-r1_pf-5_ecoli' 25480.791666666668 0.149171656370163
 12349.0 11622.0]
['r1_ecoli_mRuby-r1_pf-5_ecoli' 26073.256000000005 0.15724213719368
 12433.0 12095.0]
['r1_ecoli_mRuby-r1_pf-5_ecoli' 26665.738 0.161984276771545 13335.0
 15652.0]
['r1_ecoli_mRuby-r1_pf-5_ecoli' 27258.190333333332 0.164918699860573
 13736.0 13108.0]
['r1_ecoli_mRuby-r1_pf-5_ecoli' 27850.655 0.175329366326332 12855.0
 13700.0]
['r1_ecoli_mRuby-r1_pf-5_ecoli' 28443.080333333335 0.190738835930824
 18023.0 16414.0]
['r1_ecoli_mRuby-r1_pf-5_ecoli' 29035.571333333337 0.20691639482975
 13474.0 15685.0]
['r1_ecoli_mRuby-r1_pf-5_ecoli' 29628.059666666668 0.215593993663788
 13193.0 15404.0]
['r1_ecoli_mRuby-r1_pf-5_ecoli' 30220.520999999997 0.215025591850281
 16059.0 18500.0]
['r1_ecoli_mRuby-r1_pf-5_ecoli' 30812.946333333337 0.226106372475624
 19739.0 18842.0]
['r1_ecoli_mRuby-r1_pf-5_ecoli' 31405.395999999997 0.240827795863152
 18495.0 20096.0]
['r1_ecoli_mRuby-r1_pf-5_ecoli' 31997.80633333333 0.24780196249485 20343.0
 20607.0]
['r1_ecoli_mRuby-r1_pf-5_ecoli' 32590.303666666663 0.255324518680572
 19871.0 22073.0]
['r1_ecoli_mRuby-r1_pf-5_ecoli' 33182.73233333333 0.273171126842499
 19409.0 22369.0]
['r1_ecoli_mRuby-r1_pf-5_ecoli' 33775.134 0.27943189740181 20127.0 22378.0]
['r1_ecoli_mRuby-r1_pf-5_ecoli' 34367.56566666666 0.295516192913055
 18894.0 23933.0]
['r1_ecoli_mRuby-r1_pf-5_ecoli' 34960.05966666667 0.31011073589325 19578.0
 23997.0]
['r1_ecoli_mRuby-r1_pf-5_ecoli' 35552.491 0.319827705621719 19378.0
 24163.0]
['r1_ecoli_mRuby-r1_pf-5_ecoli' 36145.003 0.325551623106003 17833.0
 24660.0]
['r1_ecoli_mRuby-r1_pf-5_ecoli' 36737.473333333335 0.348074573278427
 20071.0 25802.0]
['r1_ecoli_mRuby-r1_pf-5_ecoli' 37329.92566666667 0.361004739999771
 20573.0 28658.0]
['r1_ecoli_mRuby-r1_pf-5_ecoli' 37922.33666666667 0.376311665773392
 23550.0 29918.0]
['r1_ecoli_mRuby-r1_pf-5_ecoli' 38514.857333333326 0.380788385868073
 19359.0 28967.0]
['r1_ecoli_mRuby-r1_pf-5_ecoli' 39107.28566666666 0.403908795118332
 20760.0 30828.0]
['r1_ecoli_mRuby-r1_pf-5_ecoli' 39699.75 0.423888671398163 21401.0 32350.0]
['r1_ecoli_mRuby-r1_pf-5_ecoli' 40292.21133333333 0.442225611209869
 21818.0 33601.0]
['r1_ecoli_mRuby-r1_pf-5_ecoli' 40884.70233333333 0.452839183807373
 21847.0 34824.0]
['r1_ecoli_mRuby-r1_pf-5_ecoli' 41477.107333333326 0.471335101127625
 23177.0 35167.0]
['r1_ecoli_mRuby-r1_pf-5_ecoli' 42069.607333333326 0.496273791790009
 23584.0 36873.0]
['r1_ecoli_mRuby-r1_pf-5_ecoli' 42662.068666666666 0.513754260540009
 24656.0 39357.0]
['r1_ecoli_mRuby-r1_pf-5_ecoli' 43254.562666666665 0.536310482025147
 26021.0 40567.0]
['r1_ecoli_mRuby-r1_pf-5_ecoli' 43847.020666666656 0.555400490760803
 24691.0 40381.0]
['r1_ecoli_mRuby-r1_pf-5_ecoli' 44439.44933333333 0.575845551490784
 26771.0 42674.0]
['r1_ecoli_mRuby-r1_pf-5_ecoli' 45031.97933333333 0.608418405056 28900.0
 44229.0]
['r1_ecoli_mRuby-r1_pf-5_ecoli' 45624.407666666666 0.628662288188934
 28634.0 44973.0]
['r1_ecoli_mRuby-r1_pf-5_ecoli' 46216.857333333326 0.652823936939239
 28494.0 45940.0]
['r1_ecoli_mRuby-r1_pf-5_ecoli' 46809.28866666667 0.675421738624573
 29248.0 46622.0]
['r1_ecoli_mRuby-r1_pf-5_ecoli' 47401.77066666667 0.698974907398224
 30886.0 47389.0]
['r1_ecoli_mRuby-r1_pf-5_ecoli' 47994.17566666667 0.72748703956604 31876.0
 49278.0]
['r1_ecoli_mRuby-r1_pf-5_ecoli' 48586.622 0.758837807178497 35301.0
 53158.0]
['r1_ecoli_mRuby-r1_pf-5_ecoli' 49179.04799999999 0.782643342018127
 34554.0 51005.0]
['r1_ecoli_mRuby-r1_pf-5_ecoli' 49771.5 0.813845276832581 35503.0 52948.0]
['r1_ecoli_mRuby-r1_pf-5_ecoli' 50363.93466666667 0.834451496601105
 34529.0 54799.0]
['r1_ecoli_mRuby-r1_pf-5_ecoli' 50956.369 0.869819378852844 35968.0
 57479.0]
['r1_ecoli_mRuby-r1_pf-5_ecoli' 51548.76500000001 0.892082250118256
 38422.0 57336.0]
['r1_ecoli_mRuby-r1_pf-5_ecoli' 52141.253000000004 0.916294085979462
 40418.0 56409.0]
['r1_ecoli_mRuby-r1_pf-5_ecoli' 52733.649 0.947487568855286 42704.0
 58161.0]
['r1_ecoli_mRuby-r1_pf-5_ecoli' 53326.080333333324 0.970460391044617
 47587.0 58395.0]
['r1_ecoli_mRuby-r1_pf-5_ecoli' 53918.53 1.00502269268036 44316.0 61795.0]
['r1_ecoli_mRuby-r1_pf-5_ecoli' 54510.98533333334 1.0307879447937 53775.0
 66349.0]
['r1_ecoli_mRuby-r1_pf-5_ecoli' 55103.384 1.04815225601196 48445.0 63672.0]
['r1_ecoli_mRuby-r1_pf-5_ecoli' 55695.880999999994 1.07643268108368
 48166.0 65795.0]
['r1_ecoli_mRuby-r1_pf-5_ecoli' 56288.28566666666 1.11387107372284 59445.0
 66161.0]